175.47607399999166
175.47607449999168
179.29077149996255
179.29077150000694
179.29077150000694
183.10546849997777
183.10546849997777
183.1054689999778
183.1054689999778
183.1054689999778
183.10546900002223
186.92016599999306
186.92016599999306
186.92016599999306
186.92016599999306
186.92016599999306
186.92016599999306
186.92016599999306
186.92016599999306
186.92016599999306
186.92016599999306
186.92016599999306
186.92016599999306
190.7348629999639
190.7348629999639
190.73486300000832
190.73486300000832
190.73486300000832
190.73486300000832
190.73486300000832
190.73486300000832
190.73486300000832
190.73486300000832
190.73486349996392
190.73486349996392
190.73486349996392
190.73486349996392
190.73486350000834
190.73486350000834
190.73486350000834
190.73486350000834
190.73486350000834
190.73486350000834
190.73486350000834
190.73486350000834
194.54956049997918
194.54956049997918
194.54956049997918
194.54956049997918
194.54956049997918
194.54956049997918
194.54956049997918
194.54956049997918
194.54956049997918
194.54956049997918
194.54956049997918
194.54956049997918
194.54956049997918
194.54956050002357
194.54956050002357
194.54956050002357
194.54956050002357
194.54956050002357
194.54956050002357
194.54956050002357
194.54956050002357
194.54956050002357
194.54956050002357
194.54956050002357
194.54956050002357
194.54956050002357
194.54956050002357
198.36425749999444
198.36425749999444
198.36425749999444
198.36425749999444
198.36425749999444
198.36425749999444
198.36425749999444
198.36425749999444
198.36425749999444
198.36425799999446
198.36425799999446
198.36425799999446
198.36425799999446
198.36425799999446
198.36425799999446
198.36425799999446
198.36425799999446
198.36425799999446
198.36425799999446
198.36425799999446
198.36425799999446
198.36425799999446
198.36425799999446
198.36425799999446
198.36425799999446
202.1789549999653
202.1789549999653
202.1789549999653
202.1789549999653
202.1789549999653
202.1789550000097
202.1789550000097
202.1789550000097
202.1789550000097
202.1789550000097
202.1789550000097
202.1789550000097
202.1789550000097
202.1789550000097
202.1789550000097
202.1789550000097
202.1789550000097
202.1789550000097
202.1789550000097
202.17895550000975
205.99365199998056
205.99365199998056
205.99365199998056
205.99365199998056
205.99365199998056
205.99365199998056
205.99365199998056
205.99365199998056
205.99365199998056
205.99365200002495
205.99365200002495
205.99365200002495
205.99365249998058
205.99365249998058
205.99365249998058
205.99365249998058
205.99365249998058
205.99365249998058
205.99365249998058
205.993652500025
205.993652500025
205.993652500025
205.993652500025
205.993652500025
209.8083494999958
209.8083494999958
209.8083494999958
209.8083494999958
209.8083494999958
209.8083494999958
209.8083494999958
209.8083494999958
209.8083494999958
209.8083494999958
209.8083494999958
209.8083494999958
209.8083494999958
209.8083494999958
209.8083494999958
209.8083494999958
209.8083494999958
209.8083494999958
209.8083494999958
209.8083494999958
209.8083494999958
209.8083494999958
209.8083494999958
209.8083494999958
209.8083494999958
209.8083494999958
209.8083494999958
209.80834999999587
209.80834999999587
209.80834999999587
209.80834999999587
213.62304649996668
213.62304649996668
213.62304649996668
213.62304650001107
213.6230469999667
213.6230469999667
213.6230469999667
213.6230469999667
213.6230469999667
213.62304700001113
213.62304700001113
213.62304700001113
213.62304700001113
213.62304700001113
213.62304700001113
213.62304700001113
213.62304700001113
213.62304700001113
213.62304700001113
213.62304700001113
213.62304700001113
213.62304700001113
213.62304700001113
213.62304700001113
213.62304700001113
213.62304700001113
213.62304700001113
213.62304700001113
213.62304700001113
213.62304700001113
217.43774399998193
217.43774399998193
217.43774399998193
217.43774399998193
217.43774399998193
217.43774399998193
217.43774399998193
217.43774399998193
217.43774399998193
217.43774399998193
217.43774399998193
217.43774399998193
217.43774399998193
217.43774400002636
217.43774400002636
217.43774400002636
217.43774400002636
217.43774400002636
217.43774400002636
217.437744499982
217.437744499982
217.437744499982
217.437744499982
217.437744499982
217.437744499982
217.437744499982
217.437744499982
217.437744499982
217.43774450002638
217.43774450002638
217.43774450002638
217.43774450002638
217.43774450002638
221.2524409999972
221.2524409999972
221.2524409999972
221.25244149999725
221.25244149999725
221.25244149999725
221.25244149999725
221.25244149999725
221.25244149999725
221.25244149999725
221.25244149999725
221.25244149999725
221.25244149999725
221.25244149999725
221.25244149999725
221.25244149999725
221.25244149999725
221.25244149999725
221.25244149999725
221.25244149999725
221.25244149999725
221.25244149999725
221.25244149999725
221.25244149999725
225.06713849996805
225.06713849996805
225.06713849996805
225.06713849996805
225.06713850001248
225.06713850001248
225.06713850001248
225.06713850001248
225.06713850001248
225.06713850001248
225.06713850001248
225.0671389999681
225.0671389999681
225.0671389999681
225.0671389999681
225.0671390000125
225.0671390000125
225.0671390000125
225.0671390000125
225.0671390000125
225.0671390000125
225.0671390000125
225.0671390000125
225.0671390000125
225.0671390000125
225.0671390000125
228.8818354999833
228.88183599998337
228.88183599998337
228.88183599998337
228.88183599998337
228.88183599998337
228.88183599998337
228.88183599998337
228.88183599998337
228.88183599998337
228.88183599998337
228.88183599998337
228.88183599998337
228.88183599998337
228.88183600002776
228.88183600002776
228.88183600002776
228.88183600002776
228.88183600002776
228.88183600002776
228.88183600002776
228.88183600002776
228.88183600002776
228.88183600002776
232.6965329999986
232.6965329999986
232.6965329999986
232.6965329999986
232.6965329999986
232.6965329999986
232.6965329999986
232.6965329999986
232.6965329999986
232.69653349999862
232.69653349999862
232.69653349999862
232.69653349999862
232.69653349999862
232.69653349999862
232.69653349999862
232.69653349999862
232.69653349999862
236.51123049996949
236.51123049996949
236.51123049996949
236.51123050001388
236.51123050001388
236.51123050001388
236.51123050001388
236.51123050001388
236.51123050001388
236.51123050001388
236.51123050001388
236.51123050001388
236.51123050001388
240.32592749998472
240.32592749998472
240.32592749998472
240.32592749998472
240.32592749998472
240.32592749998472
240.32592749998472
240.32592750002914
240.32592750002914
240.32592799998474
240.32592800002917
240.32592800002917
240.32592800002917
240.32592800002917
240.32592800002917
244.140625
244.140625
244.140625
244.140625
244.140625
244.140625
244.140625
244.140625
244.140625
247.95532199997083
247.95532199997083
247.95532200001526
247.95532200001526
247.95532200001526
247.95532200001526
247.95532249997086
247.95532250001528
247.95532250001528
247.95532250001528
247.95532250001528
247.95532250001528
247.95532250001528
247.95532250001528
251.77001949998612
251.77001949998612
251.77001949998612
251.77001949998612
251.77001949998612
251.77001949998612
255.58471650000138
255.58471650000138
255.58471650000138
255.5847170000014
255.5847170000014
255.5847170000014
255.5847170000014
255.5847170000014
255.5847170000014
255.5847170000014
255.5847170000014
255.5847170000014
255.5847170000014
255.5847170000014
255.5847170000014
259.39941399997224
259.39941399997224
259.39941399997224
259.39941399997224
259.39941399997224
259.39941400001663
259.39941400001663
259.39941400001663
259.39941400001663
259.39941400001663
259.39941400001663
259.39941400001663
259.3994145000167
259.3994145000167
259.3994145000167
263.2141109999875
263.2141109999875
263.2141110000319
263.2141110000319
263.21411149998755
263.21411149998755
263.21411149998755
263.21411149998755
263.21411149998755
263.21411149998755
263.21411149998755
263.21411150003195
263.21411150003195
263.21411150003195
263.21411150003195
263.21411150003195
263.21411150003195
267.02880850000275
267.02880850000275
267.02880850000275
267.02880850000275
267.02880850000275
267.02880850000275
267.02880850000275
267.02880850000275
267.02880850000275
267.02880850000275
267.02880850000275
267.02880850000275
267.0288090000028
267.0288090000028
267.0288090000028
267.0288090000028
267.0288090000028
270.8435054999736
270.8435054999736
270.8435054999736
270.8435059999737
270.8435059999737
270.8435059999737
270.8435059999737
270.8435059999737
270.84350600001807
270.84350600001807
270.84350600001807
270.84350600001807
270.84350600001807
270.84350600001807
270.84350600001807
270.84350600001807
270.84350600001807
270.84350600001807
270.84350600001807
270.84350600001807
274.6582029999889
274.6582029999889
274.6582029999889
274.6582029999889
274.6582029999889
274.6582029999889
274.65820300003327
274.65820300003327
274.65820349998893
274.65820349998893
274.65820349998893
274.6582035000333
274.6582035000333
274.6582035000333
278.4729005000042
278.4729005000042
278.4729005000042
278.4729005000042
278.4729005000042
278.4729005000042
278.4729005000042
278.4729005000042
278.4729005000042
278.4729005000042
278.4729005000042
282.2875975000194
282.2875975000194
282.28759800001944
286.1022949999903
286.1022949999903
286.1022949999903
289.91699250000556
